CNN Full Final Classification Report
====================================

Test loss: 0.0513
Test accuracy: 0.9868
Accuracy: 0.9868
Macro Precision: 0.9858
Macro Recall: 0.9786
Macro-F1: 0.9814
Weighted Precision: 0.9871
Weighted Recall: 0.9868
Weighted-F1: 0.9866

              precision    recall  f1-score   support

           0     1.0000    1.0000    1.0000        60
           1     0.9890    1.0000    0.9945       720
           2     0.9985    0.9970    0.9977       660
           3     0.9905    0.9881    0.9893       420
           4     0.9245    0.9754    0.9492       690
           5     0.9904    1.0000    0.9952       720
           6     0.9963    1.0000    0.9982       270
           7     1.0000    0.9810    0.9904       210
           8     1.0000    1.0000    1.0000       150
           9     1.0000    0.9139    0.9550       360
          10     0.9871    0.9821    0.9846       390
          11     1.0000    1.0000    1.0000        60
          12     0.9987    0.9893    0.9940       750
          13     1.0000    1.0000    1.0000        90
          14     0.9375    0.6667    0.7792        90
          15     1.0000    0.8833    0.9381       120
          16     0.9868    1.0000    0.9934       150
          17     1.0000    0.9778    0.9888        90
          18     0.9755    0.9958    0.9856       480
          19     0.9323    0.9944    0.9624       180
          20     0.9831    0.9667    0.9748        60
          21     1.0000    0.9800    0.9899       150
          22     0.9574    1.0000    0.9783        90
          23     0.9977    0.9844    0.9911       450
          24     0.9932    0.9800    0.9866       150
          25     1.0000    1.0000    1.0000       270
          26     0.9836    1.0000    0.9917        60
          27     1.0000    0.9905    0.9952       210
          28     0.9917    1.0000    0.9959       120
          29     0.9974    0.9974    0.9974       390
          30     0.9917    1.0000    0.9959       120
          31     1.0000    0.9833    0.9916        60
          32     0.9885    0.9957    0.9921       690
          33     0.9762    0.9111    0.9425        90
          34     0.9985    0.9970    0.9977       660
          35     0.8980    0.9778    0.9362        90
          36     0.9677    1.0000    0.9836        60
          37     1.0000    1.0000    1.0000        90
          38     0.9812    0.9952    0.9882       630
          39     0.9933    0.9867    0.9900       150
          40     0.9956    1.0000    0.9978       450
          41     0.9978    0.9889    0.9933       450
          42     0.9917    1.0000    0.9959       480

    accuracy                         0.9868     12630
   macro avg     0.9858    0.9786    0.9814     12630
weighted avg     0.9871    0.9868    0.9866     12630
