MobileNetV2 Baseline Classification Report
==========================================

Test loss: 1.0043
Test accuracy: 0.7035
Accuracy: 0.7035
Macro-F1: 0.6311
Weighted-F1: 0.7036

              precision    recall  f1-score   support

           0     0.2656    0.2833    0.2742        60
           1     0.7745    0.5389    0.6355       720
           2     0.9022    0.7409    0.8136       660
           3     0.7449    0.6119    0.6719       420
           4     0.9904    0.9014    0.9439       690
           5     0.9521    0.9931    0.9721       720
           6     0.9960    0.9333    0.9637       270
           7     0.9810    0.9810    0.9810       210
           8     0.9389    0.8200    0.8754       150
           9     0.9968    0.8750    0.9320       360
          10     0.8765    0.7641    0.8164       390
          11     0.2812    0.3000    0.2903        60
          12     0.5436    0.4987    0.5202       750
          13     0.5238    0.1222    0.1982        90
          14     0.1765    0.2667    0.2124        90
          15     0.7200    0.6000    0.6545       120
          16     0.3899    0.5667    0.4620       150
          17     0.9231    0.4000    0.5581        90
          18     0.5876    0.6500    0.6172       480
          19     0.5175    0.9056    0.6586       180
          20     0.1493    0.1667    0.1575        60
          21     0.6438    0.6267    0.6351       150
          22     0.6237    0.6444    0.6339        90
          23     0.5102    0.5022    0.5062       450
          24     0.7345    0.5533    0.6312       150
          25     0.8134    0.8556    0.8339       270
          26     0.9434    0.8333    0.8850        60
          27     0.5673    0.5619    0.5646       210
          28     0.6667    0.4833    0.5604       120
          29     0.7256    0.8949    0.8014       390
          30     0.7027    0.4333    0.5361       120
          31     0.2791    0.2000    0.2330        60
          32     0.8148    0.9246    0.8663       690
          33     0.7500    0.3667    0.4925        90
          34     0.6911    0.6712    0.6810       660
          35     0.8857    0.6889    0.7750        90
          36     0.4416    0.5667    0.4964        60
          37     0.4767    0.4556    0.4659        90
          38     0.7688    0.3905    0.5179       630
          39     0.9037    0.8133    0.8561       150
          40     0.4986    0.8022    0.6150       450
          41     0.3970    0.7622    0.5221       450
          42     0.7388    0.9250    0.8215       480

    accuracy                         0.7035     12630
   macro avg     0.6700    0.6250    0.6311     12630
weighted avg     0.7309    0.7035    0.7036     12630
