CNN Baseline Classification Report
==================================

Accuracy: 0.9719
Macro-F1: 0.9614
Weighted-F1: 0.9735

              precision    recall  f1-score   support

           0     0.9091    1.0000    0.9524        60
           1     0.9972    0.9903    0.9937       720
           2     0.9924    0.9909    0.9917       660
           3     0.9906    1.0000    0.9953       420
           4     0.9969    0.9261    0.9602       690
           5     0.9203    0.9944    0.9559       720
           6     1.0000    0.9926    0.9963       270
           7     0.9858    0.9905    0.9881       210
           8     1.0000    1.0000    1.0000       150
           9     1.0000    0.7833    0.8785       360
          10     0.9922    0.9795    0.9858       390
          11     0.9677    1.0000    0.9836        60
          12     0.9920    0.9947    0.9933       750
          13     0.4128    1.0000    0.5844        90
          14     0.9839    0.6778    0.8026        90
          15     1.0000    0.8500    0.9189       120
          16     0.9554    1.0000    0.9772       150
          17     1.0000    0.9778    0.9888        90
          18     0.9936    0.9708    0.9821       480
          19     0.9278    1.0000    0.9626       180
          20     0.9836    1.0000    0.9917        60
          21     0.8802    0.9800    0.9274       150
          22     0.8911    1.0000    0.9424        90
          23     0.9908    0.9622    0.9763       450
          24     1.0000    0.8867    0.9399       150
          25     0.9962    0.9741    0.9850       270
          26     0.9091    1.0000    0.9524        60
          27     1.0000    0.9952    0.9976       210
          28     0.9917    1.0000    0.9959       120
          29     0.9949    0.9923    0.9936       390
          30     1.0000    1.0000    1.0000       120
          31     1.0000    0.9833    0.9916        60
          32     1.0000    0.9565    0.9778       690
          33     1.0000    0.9889    0.9944        90
          34     1.0000    0.9758    0.9877       660
          35     0.8165    0.9889    0.8945        90
          36     1.0000    0.9833    0.9916        60
          37     0.9889    0.9889    0.9889        90
          38     0.9748    0.9825    0.9787       630
          39     0.9803    0.9933    0.9868       150
          40     1.0000    0.9733    0.9865       450
          41     0.9553    0.9978    0.9761       450
          42     1.0000    0.9875    0.9937       480

    accuracy                         0.9719     12630
   macro avg     0.9621    0.9700    0.9614     12630
weighted avg     0.9790    0.9719    0.9735     12630
